1,1,3=0,0
1,15,5=1,0
1,16,5=2,0
1,16,3=3,0
1,17,20=4,0
1,17,5=5,0
1,18,20=6,0
1,21,2=7,0
1,21,3=8,0
1,21,4=9,0
1,21,5=10,0
1,21,11=11,0
1,22,0=12,0
1,22,1=13,0
1,22,2=14,0
1,22,3=15,0
1,22,4=0,1
1,22,5=1,1
1,22,11=2,1
1,22,9=3,1
1,23,0=4,1
1,23,1=5,1
1,23,2=6,1
1,23,3=7,1
1,23,4=8,1
1,23,5=9,1
1,23,11=10,1
1,26,25=11,1
1,27,31=12,1
1,27,30=13,1
1,27,29=14,1
1,28,31=15,1
1,28,30=0,2
1,28,29=1,2
2,0,14=2,2
2,0,16=3,2
2,0,13=4,2
2,0,18=5,2
2,1,17=6,2
2,1,16=7,2
2,1,14=8,2
2,2,14=9,2
2,2,13=10,2
2,2,16=11,2
2,5,7=12,2
2,12,14=13,2
2,12,12=14,2
2,13,14=15,2
2,13,13=0,3
2,13,12=1,3
2,14,14=2,3
2,14,12=3,3
2,15,14=4,3
2,22,0=5,3
2,22,3=6,3
2,22,4=7,3
2,22,5=8,3
2,22,11=9,3
2,22,12=10,3
2,22,14=11,3
2,22,16=12,3
2,22,17=13,3
2,21,4=14,3
2,21,5=15,3
2,21,13=0,4
2,21,14=1,4
2,21,15=2,4
2,21,16=3,4
2,23,0=4,4
2,23,3=5,4
2,23,4=6,4
2,23,5=7,4
2,23,11=8,4
2,23,12=9,4
2,23,13=10,4
2,23,14=11,4
2,23,15=12,4
2,23,16=13,4
3,0,20=14,4
3,0,12=15,4
3,1,17=0,5
3,1,16=1,5
3,2,12=2,5
3,3,14=3,5
3,3,13=4,5
3,4,14=5,5
3,4,13=6,5
3,4,9=7,5
3,5,14=8,5
3,5,13=9,5
3,27,12=10,5
3,25,11=11,5
3,25,12=12,5
3,26,11=13,5
3,26,13=14,5
3,26,12=15,5
4,0,31=0,6
4,0,30=1,6
4,0,29=2,6
4,1,31=3,6
4,1,30=4,6
4,1,29=5,6
4,3,31=6,6
